x
-1.000000000000000 1.000000000000000
1 -86.00000000000000 0.000000000000000
2 -58.00000000000000 -50.00000000000000
3 -58.00000000000000 -50.00000000000000
4 -69.00000000000000 -67.00000000000000
5 -58.00000000000000 -51.00000000000000
6 -61.00000000000000 -57.00000000000000
7 -60.00000000000000 -57.00000000000000
8 -68.00000000000000 -63.00000000000000
9 -68.00000000000000 -63.00000000000000
10 -69.00000000000000 -66.00000000000000
11 -75.00000000000000 -71.00000000000000
12 -75.00000000000000 -71.00000000000000
13 -79.00000000000000 -72.00000000000000
14 -79.00000000000000 -72.00000000000000
15 -51.00000000000000 -45.00000000000000
16 -66.00000000000000 -61.00000000000000
17 -61.00000000000000 -57.00000000000000
18 -67.00000000000000 -63.00000000000000
19 -69.00000000000000 -66.00000000000000
20 -75.00000000000000 -71.00000000000000
21 -78.00000000000000 -72.00000000000000
22 -80.00000000000000 0.000000000000000
23 -39.00000000000000 0.000000000000000
24 -68.00000000000000 -67.00000000000000
25 -84.00000000000000 -78.00000000000000
26 -94.00000000000000 -92.00000000000000
27 -77.00000000000000 0.000000000000000
28 -62.00000000000000 -51.00000000000000
29 -87.00000000000000 0.000000000000000
30 -88.00000000000000 0.000000000000000
31 -88.00000000000000 0.000000000000000
32 -58.00000000000000 -54.00000000000000
33 -77.00000000000000 0.000000000000000
34 -80.00000000000000 -72.00000000000000
35 -88.00000000000000 0.000000000000000
36 -85.00000000000000 0.000000000000000
37 -85.00000000000000 -83.00000000000000
38 -69.00000000000000 0.000000000000000
39 -85.00000000000000 0.000000000000000
40 -77.00000000000000 -73.00000000000000
41 -85.00000000000000 -84.00000000000000
42 -85.00000000000000 0.000000000000000
43 -68.00000000000000 0.000000000000000
44 -86.00000000000000 0.000000000000000
45 -84.00000000000000 0.000000000000000
46 -68.00000000000000 0.000000000000000
47 -89.00000000000000 0.000000000000000
48 -57.00000000000000 0.000000000000000
49 -89.00000000000000 0.000000000000000
50 -86.00000000000000 0.000000000000000
51 -84.00000000000000 0.000000000000000
52 -91.00000000000000 0.000000000000000
53 -90.00000000000000 0.000000000000000
54 -86.00000000000000 0.000000000000000
55 -84.00000000000000 0.000000000000000
56 -89.00000000000000 0.000000000000000
57 -87.00000000000000 0.000000000000000
58 -95.00000000000000 0.000000000000000
59 -86.00000000000000 0.000000000000000
